3410
14380.7
4.21723
1
1
1
-110
-12
1
0
1
93
-47
0
1
0
46
34
-1
0
1
-197
34
0
1
1
58
-171
1
1
1
84
176
0
1
1
-83
61
0
1
0
88
-169
0
0
0
-54
51
-1
0
0
133
140
-1
0
0
11
-46
1
0
0
-35
-105
1
0
0
-100
-179
1
0
0
143
101
1
1
1
25
55
-1
1
1
127
-143
1
1
1
136
-179
0
0
1
132
22
-1
1
1
57
-116
-1
1
1
-39
-58
1
0
0
96
-102
1
1
0
156
-114
1
1
1
90
66
1
0
0
-120
142
-1
1
0
195
153
1
0
1
-81
-144
-1
1
1
1
157
0
0
1
-51
-164
0
0
1
-19
30
1
0
1
86
108
0
0
1
138
25
-1
0
0
141
147
0
0
0
62
-177
1
1
0
-34
-169
0
0
0
-195
78
1
0
1
-5
-108
-1
1
0
5
197
1
0
0
63
86
1
1
1
52
-32
-1
1
0
-78
60
0
1
1
-145
-41
-1
1
0
163
21
1
0
1
89
-130
-1
1
1
39
132
0
1
1
-83
-7
1
0
0
-173
42
1
0
1
20
-28
1
1
1
-90
182
1
1
0
110
188
0
0
0
112
-44
-1
1
0
-195
27
-1
0
0
134
-2
0
0
0
184
141
1
1
0
-189
-197
1
0
0
-91
4
1
1
0
-71
-10
1
0
1
-141
141
0
1
1
140
120
0
1
1
-36
62
1
1
0
180
-192
1
1
0
-103
35
0
1
1
-151
56
0
0
0
171
150
0
0
0
-72
-190
0
1
0
194
67
0
1
0
-12
146
0
0
1
102
147
-1
0
1
104
-162
-1
1
0
-151
-115
0
0
1
-30
-156
0
0
0
76
-61
-1
1
1
-84
-113
1
0
1
-5
-177
0
0
1
49
198
-1
1
0
119
-139
1
1
1
-176
173
-1
1
0
33
-197
0
0
1
-95
159
-1
0
1
-187
10
-1
0
1
86
50
1
1
1
-46
-57
0
1
1
176
-140
-1
1
1
-44
1
1
1
1
64
-94
-1
0
1
-75
6
1
0
0
168
-96
-1
1
1
103
-167
1
1
0
-55
-78
1
1
1
194
110
1
1
0
-52
198
-1
0
1
-178
187
0
0
0
137
-28
-1
1
0
-17
126
0
0
1
190
-170
1
0
1
-49
-168
0
0
0
106
83
0
1
1
163
-56
1
1
1
-7
133
-1
0
1
163
158
0
0
0
72
-12
-1
1
1
158
-12
0
0
0
-200
-139
0
0
0
143
-37
-1
0
0
151
-186
0
1
1
41
103
-1
0
1
19
105
-1
1
0
1
178
-1
0
0
-101
-111
-1
1
1
-98
181
-1
1
1
-64
6
1
1
1
-86
7
1
0
0
-89
89
1
0
0
0
-75
1
0
1
29
166
0
1
1
105
-68
-1
0
1
105
-76
0
0
1
-116
-145
-1
0
0
176
-30
0
0
1
-62
-73
-1
0
0
138
180
-1
0
0
-48
-37
-1
1
1
-44
-24
0
0
0
128
-37
-1
0
1
63
-7
1
0
0
3
42
0
0
0
191
-105
1
1
0
-158
-135
-1
0
0
-2
15
1
1
1
9
-39
1
1
1
-162
162
-1
0
1
124
-10
1
0
0
150
-123
-1
1
1
64
137
1
1
1
85
32
1
0
0
59
-177
-1
1
1
-130
-125
0
1
0
-113
82
-1
0
1
-81
-90
0
0
0
81
120
-1
1
1
-112
174
0
0
0
82
75
1
1
1
13
45
-1
0
0
-143
-5
1
0
0
-194
-167
-1
1
1
-1
82
0
0
1
195
38
-1
1
1
10
84
1
1
0
60
-160
1
0
1
48
73
1
0
1
61
-170
1
1
1
158
49
-1
0
0
44
-33
1
0
0
116
21
0
1
0
-181
-36
-1
0
0
-61
45
-1
1
0
-60
48
0
0
0
-117
57
0
0
0
100
-149
1
1
0
89
93
-1
1
0
38
-146
0
1
0
-61
-97
1
0
1
-82
26
-1
0
1
-117
-112
0
0
1
38
-106
0
1
1
180
97
0
0
0
-167
68
1
0
0
-33
126
-1
0
0
-59
-70
-1
1
1
167
-24
0
1
0
-149
-166
-1
1
1
129
95
0
1
0
-161
197
-1
0
0
-72
57
0
0
0
-151
-127
-1
0
1
-35
142
-1
0
1
-125
10
1
0
0
153
148
1
1
1
192
13
1
1
0
54
-61
0
0
0
39
9
0
1
0
-119
92
-1
0
0
-98
-3
1
0
0
130
-186
0
0
0
-84
-36
0
0
1
169
57
1
1
0
-37
-23
0
1
0
-94
192
-1
0
1
-3
17
0
0
0
174
-161
1
1
0
129
-22
-1
1
1
-46
-81
1
0
0
107
64
1
1
0
36
-81
0
0
0
189
27
-1
1
1
77
-166
0
0
0
199
75
1
1
1
196
168
-1
0
0
-94
19
0
0
1
171
8
0
0
0
167
-60
1
1
0
191
-144
1
1
1
-11
-140
-1
1
1
-38
17
1
0
1
-64
-78
0
0
1
-131
-138
-1
1
0
157
-5
0
1
1
159
120
-1
1
0
-106
-146
0
0
1
199
-59
-1
1
0
-41
41
-1
0
0
-17
-139
1
1
0
-112
-20
1
0
0
42
-118
-1
1
0
-145
171
0
0
1
69
176
1
0
0
-36
49
0
1
1
-125
148
0
0
0
146
-4
0
1
1
-12
72
0
1
0
86
175
0
1
0
43
164
-1
1
0
-195
99
-1
0
0
31
-145
0
1
1
191
-11
-1
1
1
-108
-87
1
0
1
-2
-93
-1
0
0
0
68
-1
1
1
-66
-75
1
0
1
-126
127
0
0
1
-18
89
1
0
1
-52
-178
0
1
0
-135
47
-1
0
1
-130
-128
0
0
1
-149
131
1
1
1
108
57
-1
0
0
-64
-156
0
1
1
-67
200
0
0
0
165
-101
-1
1
0
83
188
1
0
1
77
93
1
1
0
157
-93
-1
1
0
184
92
1
0
1
-166
-135
0
0
0
-79
-12
1
0
1
-166
140
1
1
1
-125
146
1
1
0
162
-44
1
0
0
-26
-53
0
0
1
167
11
1
0
1
166
135
0
1
1
-167
161
1
0
0
-12
-59
1
0
1
169
174
0
1
1
-3
78
0
1
1
47
48
0
0
1
-114
-153
0
0
0
-42
-121
0
0
1
-2
53
-1
1
1
67
-110
1
0
1
-46
-191
0
0
1
189
-12
-1
1
0
108
28
-1
0
0
-73
-154
0
0
0
112
50
-1
0
0
-102
15
0
1
0
-52
-15
0
0
1
-19
141
-1
0
0
-100
-142
-1
0
1
162
41
1
1
1
130
15
1
1
1
148
25
-1
0
0
14
-14
1
0
1
-32
-5
0
0
0
-76
-140
1
0
1
149
200
1
1
0
-6
-171
1
0
1
-97
-70
-1
0
1
58
-22
-1
0
1
-34
137
0
0
0
-58
-24
1
1
0
123
-33
0
1
1
108
-98
0
1
0
100
-15
-1
1
1
117
-159
0
0
0
-15
-65
-1
1
0
12
-30
1
1
0
-47
-57
-1
1
1
-5
-64
1
1
1
-71
177
0
1
0
-96
68
-1
1
0
-36
58
1
1
0
148
49
0
0
1
106
184
0
1
1
139
-180
0
0
0
-162
93
0
1
0
167
-57
0
0
0
-41
-52
1
1
1
55
39
1
1
1
188
164
1
1
1
-13
-117
-1
1
1
62
21
-1
1
1
86
-149
0
0
1
168
-28
0
0
1
-38
28
-1
1
1
57
71
1
0
0
-8
-25
1
1
1
31
94
0
1
1
126
174
-1
0
0
-165
-18
1
1
1
113
17
0
1
0
32
89
1
1
1
-19
111
-1
0
1
-130
-109
1
0
1
11
163
-1
1
0
147
-166
1
1
0
130
-189
1
0
1
-61
-160
0
0
1
43
51
0
1
0
-189
-78
-1
0
1
42
142
0
0
1
39
-183
1
1
1
102
-176
0
1
1
-128
86
0
1
1
11
160
0
0
0
69
-163
1
0
0
-193
-21
0
1
1
-124
-142
1
0
0
-150
-23
1
1
1
-136
-161
0
1
0
-159
199
-1
1
1
-16
125
0
1
0
-156
-56
1
0
1
199
165
0
0
0
111
-77
0
0
1
74
178
0
0
1
-129
-198
-1
0
1
153
199
0
1
0
-200
-25
1
1
1
-127
-83
1
0
1
5
122
-1
0
0
31
-97
1
1
1
114
-73
1
0
0
-145
131
1
0
1
-7
125
0
1
1
-195
146
1
1
1
-59
-140
1
0
1
70
-182
0
1
1
-14
-27
1
1
1
-196
-177
0
0
1
-8
-124
1
0
0
-177
189
0
0
0
-116
-200
-1
1
0
146
34
1
1
0
-59
131
1
1
0
-177
-61
-1
1
0
57
-33
0
0
0
144
-47
-1
1
0
157
63
0
0
0
-138
-144
0
0
1
7
21
-1
1
0
19
-97
1
1
0
172
106
-1
1
1
21
72
0
1
0
145
-87
0
1
0
-44
-145
1
1
1
157
197
0
0
0
-126
-190
1
0
1
-90
-116
-1
0
1
10
95
-1
0
1
122
108
0
1
0
-198
33
-1
1
1
-169
-63
0
0
1
51
-81
0
1
0
-102
-148
0
1
1
-80
-110
0
1
1
-183
-186
1
0
0
-172
1
1
1
0
-159
-94
0
0
1
-11
-74
0
1
0
154
10
0
1
0
-109
154
-1
1
0
-77
-6
1
1
1
151
80
1
1
0
-53
99
-1
0
0
-47
-179
-1
1
0
23
157
0
1
0
39
-137
0
1
1
168
120
1
0
1
133
155
1
1
1
165
55
0
1
1
92
-63
-1
1
0
44
-147
0
0
1
-182
8
0
0
0
-45
51
-1
0
0
56
-178
1
0
1
122
-86
0
1
0
170
133
-1
1
0
58
144
1
0
1
-112
150
0
0
0
15
-99
1
1
1
-144
-77
0
0
1
126
-45
-1
0
1
-148
168
-1
0
0
80
21
0
0
0
-65
25
0
1
0
-14
-102
-1
1
0
-64
126
-1
0
1
-84
-32
1
1
0
-84
33
-1
1
0
107
88
-1
0
0
-73
27
1
0
0
177
-145
0
1
0
-155
-51
-1
0
1
180
-56
-1
0
1
122
13
1
1
1
75
-97
-1
1
1
-183
115
0
0
0
139
69
-1
0
1
-150
-19
1
1
1
-71
84
-1
0
0
-29
-55
0
1
0
-56
72
-1
1
1
26
60
-1
1
0
-68
130
1
0
0
-176
68
1
1
0
-14
-52
1
1
1
-134
-19
-1
0
0
-139
150
0
0
1
97
139
-1
1
1
-131
174
-1
1
1
-175
-106
1
1
0
-118
128
0
0
0
62
12
-1
1
0
115
-135
-1
1
0
77
-75
-1
1
0
77
-6
0
0
1
-82
146
-1
0
0
-145
135
1
1
0
90
109
-1
0
0
-58
23
0
0
1
129
185
-1
1
1
-75
-187
0
1
1
-183
-77
0
0
0
-5
-194
-1
0
0
136
94
0
0
0
128
-197
0
0
0
115
-117
-1
0
0
-125
-73
-1
0
0
175
9
-1
1
0
-40
-3
1
0
1
-77
65
1
1
0
-166
-81
0
1
1
135
135
1
1
1
115
195
-1
0
1
179
118
-1
1
0
-135
-14
1
0
0
-8
51
-1
0
0
-155
-40
-1
1
0
54
120
-1
1
1
185
-130
1
0
0
-71
-74
1
0
0
-193
-27
1
0
0
160
192
1
1
1
119
5
1
1
0
155
-116
0
0
0
-188
91
0
1
0
98
163
1
1
1
57
-43
0
1
0
27
-24
0
0
1
181
199
-1
1
1
17
-159
-1
1
0
-57
183
0
1
0
-198
-68
1
1
1
-152
-57
1
0
1
-102
153
0
1
1
169
129
1
0
0
165
93
-1
0
0
95
13
-1
1
1
-101
-136
0
1
0
-18
51
0
0
1
164
23
0
0
0
-106
-25
-1
0
0
-199
167
0
0
1
-28
-119
1
1
1
143
40
0
1
1
-82
185
0
0
1
-177
111
1
1
0
-200
-109
-1
0
0
67
145
-1
0
0
-147
-128
0
0
0
-191
146
-1
0
1
-153
-108
-1
1
1
-119
-177
1
0
1
-30
-7
1
0
0
129
70
-1
0
0
7
-35
1
1
1
-25
82
0
0
1
-147
-64
1
0
0
12
-46
0
0
0
-42
-142
-1
1
0
22
-172
0
0
1
-28
32
-1
0
1
-53
122
1
1
1
72
100
1
1
0
-108
116
-1
0
0
192
-70
1
0
1
-82
-123
-1
0
0
51
19
-1
1
0
100
128
-1
1
1
177
6
-1
0
1
-47
67
-1
1
1
-184
-111
-1
0
0
-193
153
1
0
1
-117
-167
0
1
1
140
-69
0
1
1
21
-41
0
1
0
114
-171
0
1
0
20
-5
1
0
0
-25
-24
-1
1
1
31
168
-1
1
0
161
128
-1
0
0
-77
-112
0
1
0
-166
-100
-1
1
0
-116
83
0
1
1
132
-17
-1
1
1
-9
79
1
0
0
193
-79
0
0
1
-31
-166
1
0
0
9
-59
1
1
1
4
-187
-1
1
0
55
-28
-1
0
1
115
15
-1
1
0
145
-106
1
1
0
60
55
-1
0
1
-95
25
1
0
0
76
78
-1
0
1
8
-200
0
1
0
64
-182
-1
0
1
43
22
-1
1
1
-42
182
0
0
1
14
-24
1
1
0
-171
94
-1
1
0
-138
21
1
0
1
-177
52
0
0
0
2
-184
0
0
0
-23
-63
1
0
1
-164
-33
0
0
1
-60
48
-1
0
0
-160
-167
0
1
0
-185
-115
-1
1
1
-165
157
1
0
1
100
14
0
1
0
5
177
-1
0
1
-155
181
0
1
0
50
-36
0
0
1
-47
157
-1
1
0
-35
-80
0
0
0
125
-18
0
0
1
-196
-156
0
0
1
-40
-139
1
1
1
81
163
0
1
1
-33
-189
1
0
1
24
-153
1
0
1
-60
189
-1
0
1
-200
75
0
1
0
184
-31
0
0
0
-68
-122
-1
1
0
95
-189
-1
0
1
-165
-188
-1
0
0
110
19
0
1
1
-166
133
0
0
0
-142
30
0
0
1
6
35
1
0
1
-67
-17
0
1
1
32
108
0
0
1
-130
81
-1
1
1
127
83
1
0
1
-181
101
-1
0
0
160
133
-1
1
0
137
-47
0
0
0
-176
35
0
1
1
-100
139
-1
1
0
174
119
-1
0
1
-113
193
1
1
0
157
-58
0
1
1
-26
139
1
1
1
56
165
-1
1
1
-126
139
1
0
0
-170
-115
0
0
1
46
103
1
1
1
-132
-183
0
1
1
-72
27
1
0
0
-193
-104
0
0
1
126
-15
-1
1
0
-91
9
0
0
1
152
110
1
0
1
-99
-139
0
1
1
17
65
0
0
1
-193
-116
-1
1
1
-140
-183
1
0
0
169
-58
-1
0
0
-5
47
-1
1
0
75
92
0
0
0
168
-30
0
1
0
-151
182
-1
1
1
161
142
-1
1
1
148
74
-1
1
1
-185
-1
-1
1
0
151
185
1
0
1
-155
-126
1
1
0
-3
-120
0
0
0
-131
70
0
1
0
18
121
1
1
1
-173
86
0
0
1
66
176
-1
0
1
-166
118
0
1
0
-69
-74
-1
0
1
-85
92
0
0
0
-184
151
1
1
1
90
-43
-1
0
0
85
-106
-1
1
1
167
-164
-1
1
1
48
-76
1
1
0
-14
52
0
1
0
27
-58
-1
1
0
-61
124
1
1
1
11
-96
-1
1
1
91
-131
-1
1
0
124
-61
1
0
1
141
-200
0
1
0
-37
-160
1
0
1
12
-107
-1
1
1
-122
-25
-1
0
1
122
-103
0
1
1
140
59
1
0
1
-188
-145
1
0
1
197
-117
-1
1
0
-168
-140
1
1
0
-142
-59
-1
0
0
27
-35
0
0
0
123
-140
-1
1
0
140
-199
0
0
1
-29
-89
-1
0
0
-10
131
-1
1
1
107
-112
0
1
1
119
-6
-1
1
0
-190
-164
0
0
0
150
-32
1
1
0
-130
-120
1
1
1
183
-128
0
1
1
-52
23
0
1
0
-165
23
1
0
0
22
70
1
0
0
-196
83
-1
0
0
-137
-101
0
0
1
182
-39
1
0
1
113
124
1
0
1
120
152
0
1
1
19
-170
1
1
1
176
-73
0
1
0
50
-100
1
0
0
100
140
-1
0
1
105
-119
0
0
1
98
-90
-1
0
1
-85
88
0
1
0
-31
44
-1
0
1
53
-40
1
0
0
-64
195
0
1
0
-106
-82
0
0
0
-135
166
0
0
1
-138
13
1
1
0
-53
-185
0
0
0
-115
157
-1
1
0
-133
-67
1
1
0
-131
-166
1
1
0
85
-53
1
0
1
-28
-190
1
1
1
87
153
0
0
0
11
145
0
0
1
119
56
1
0
0
20
65
-1
0
0
-151
-91
